  0.0000000000D+00 -2.5000000000D-01  3.2186433667D-04
  0.0000000000D+00 -2.4500000000D-01  3.3907845225D-04
  0.0000000000D+00 -2.4000000000D-01  3.5748664697D-04
  0.0000000000D+00 -2.3500000000D-01  3.7718875493D-04
  0.0000000000D+00 -2.3000000000D-01  3.9829412477D-04
  0.0000000000D+00 -2.2500000000D-01  4.2092259672D-04
  0.0000000000D+00 -2.2000000000D-01  4.4520557872D-04
  0.0000000000D+00 -2.1500000000D-01  4.7128722992D-04
  0.0000000000D+00 -2.1000000000D-01  4.9932575885D-04
  0.0000000000D+00 -2.0500000000D-01  5.2949484345D-04
  0.0000000000D+00 -2.0000000000D-01  5.6198517848D-04
  0.0000000000D+00 -1.9500000000D-01  5.9700615421D-04
  0.0000000000D+00 -1.9000000000D-01  6.3478766673D-04
  0.0000000000D+00 -1.8500000000D-01  6.7558205622D-04
  0.0000000000D+00 -1.8000000000D-01  7.1966616267D-04
  0.0000000000D+00 -1.7500000000D-01  7.6734348007D-04
  0.0000000000D+00 -1.7000000000D-01  8.1894637781D-04
  0.0000000000D+00 -1.6500000000D-01  8.7483834177D-04
  0.0000000000D+00 -1.6000000000D-01  9.3541616647D-04
  0.0000000000D+00 -1.5500000000D-01  1.0011120009D-03
  0.0000000000D+00 -1.5000000000D-01  1.0723951147D-03
  0.0000000000D+00 -1.4500000000D-01  1.1497732043D-03
  0.0000000000D+00 -1.4000000000D-01  1.2337929996D-03
  0.0000000000D+00 -1.3500000000D-01  1.3250398585D-03
  0.0000000000D+00 -1.3000000000D-01  1.4241359458D-03
  0.0000000000D+00 -1.2500000000D-01  1.5317364856D-03
  0.0000000000D+00 -1.2000000000D-01  1.6485234483D-03
  0.0000000000D+00 -1.1500000000D-01  1.7751958926D-03
  0.0000000000D+00 -1.1000000000D-01  1.9124560252D-03
  0.0000000000D+00 -1.0500000000D-01  2.0609898912D-03
  0.0000000000D+00 -1.0000000000D-01  2.2214414691D-03
  0.0000000000D+00 -9.5000000000D-02  2.3943788641D-03
  0.0000000000D+00 -9.0000000000D-02  2.5802513031D-03
  0.0000000000D+00 -8.5000000000D-02  2.7793358063D-03
  0.0000000000D+00 -8.0000000000D-02  2.9916728234D-03
  0.0000000000D+00 -7.5000000000D-02  3.2169908773D-03
  0.0000000000D+00 -7.0000000000D-02  3.4546214538D-03
  0.0000000000D+00 -6.5000000000D-02  3.7034071078D-03
  0.0000000000D+00 -6.0000000000D-02  3.9616080528D-03
  0.0000000000D+00 -5.5000000000D-02  4.2268152962D-03
  0.0000000000D+00 -5.0000000000D-02  4.4958814279D-03
  0.0000000000D+00 -4.5000000000D-02  4.7648829959D-03
  0.0000000000D+00 -4.0000000000D-02  5.0291302605D-03
  0.0000000000D+00 -3.5000000000D-02  5.2832400506D-03
  0.0000000000D+00 -3.0000000000D-02  5.5212844423D-03
  0.0000000000D+00 -2.5000000000D-02  5.7370212732D-03
  0.0000000000D+00 -2.0000000000D-02  5.9242020135D-03
  0.0000000000D+00 -1.5000000000D-02  6.0769392294D-03
  0.0000000000D+00 -1.0000000000D-02  6.1901020333D-03
  0.0000000000D+00 -5.0000000000D-03  6.2596967792D-03
  0.0000000000D+00  0.0000000000D+00  6.2831853072D-03
  0.0000000000D+00  5.0000000000D-03  6.2596967792D-03
  0.0000000000D+00  1.0000000000D-02  6.1901020333D-03
  0.0000000000D+00  1.5000000000D-02  6.0769392294D-03
  0.0000000000D+00  2.0000000000D-02  5.9242020135D-03
  0.0000000000D+00  2.5000000000D-02  5.7370212732D-03
  0.0000000000D+00  3.0000000000D-02  5.5212844423D-03
  0.0000000000D+00  3.5000000000D-02  5.2832400506D-03
  0.0000000000D+00  4.0000000000D-02  5.0291302605D-03
  0.0000000000D+00  4.5000000000D-02  4.7648829959D-03
  0.0000000000D+00  5.0000000000D-02  4.4958814279D-03
  0.0000000000D+00  5.5000000000D-02  4.2268152962D-03
  0.0000000000D+00  6.0000000000D-02  3.9616080528D-03
  0.0000000000D+00  6.5000000000D-02  3.7034071078D-03
  0.0000000000D+00  7.0000000000D-02  3.4546214538D-03
  0.0000000000D+00  7.5000000000D-02  3.2169908773D-03
  0.0000000000D+00  8.0000000000D-02  2.9916728234D-03
  0.0000000000D+00  8.5000000000D-02  2.7793358063D-03
  0.0000000000D+00  9.0000000000D-02  2.5802513031D-03
  0.0000000000D+00  9.5000000000D-02  2.3943788641D-03
  0.0000000000D+00  1.0000000000D-01  2.2214414691D-03
  0.0000000000D+00  1.0500000000D-01  2.0609898912D-03
  0.0000000000D+00  1.1000000000D-01  1.9124560252D-03
  0.0000000000D+00  1.1500000000D-01  1.7751958926D-03
  0.0000000000D+00  1.2000000000D-01  1.6485234483D-03
  0.0000000000D+00  1.2500000000D-01  1.5317364856D-03
  0.0000000000D+00  1.3000000000D-01  1.4241359458D-03
  0.0000000000D+00  1.3500000000D-01  1.3250398585D-03
  0.0000000000D+00  1.4000000000D-01  1.2337929996D-03
  0.0000000000D+00  1.4500000000D-01  1.1497732043D-03
  0.0000000000D+00  1.5000000000D-01  1.0723951147D-03
  0.0000000000D+00  1.5500000000D-01  1.0011120009D-03
  0.0000000000D+00  1.6000000000D-01  9.3541616647D-04
  0.0000000000D+00  1.6500000000D-01  8.7483834177D-04
  0.0000000000D+00  1.7000000000D-01  8.1894637781D-04
  0.0000000000D+00  1.7500000000D-01  7.6734348007D-04
  0.0000000000D+00  1.8000000000D-01  7.1966616267D-04
  0.0000000000D+00  1.8500000000D-01  6.7558205622D-04
  0.0000000000D+00  1.9000000000D-01  6.3478766673D-04
  0.0000000000D+00  1.9500000000D-01  5.9700615421D-04
  0.0000000000D+00  2.0000000000D-01  5.6198517848D-04
  0.0000000000D+00  2.0500000000D-01  5.2949484345D-04
  0.0000000000D+00  2.1000000000D-01  4.9932575885D-04
  0.0000000000D+00  2.1500000000D-01  4.7128722992D-04
  0.0000000000D+00  2.2000000000D-01  4.4520557872D-04
  0.0000000000D+00  2.2500000000D-01  4.2092259672D-04
  0.0000000000D+00  2.3000000000D-01  3.9829412477D-04
  0.0000000000D+00  2.3500000000D-01  3.7718875493D-04
  0.0000000000D+00  2.4000000000D-01  3.5748664697D-04
  0.0000000000D+00  2.4500000000D-01  3.3907845225D-04
  0.0000000000D+00  2.5000000000D-01  3.2186433667D-04
