  0.0000000000D+00  0.0000000000D+00  0.0000000000D+00
  5.0000000000D-04  4.9348947391D-09  5.2168260238D-09
  1.0000000000D-03  1.9740689482D-08  2.0142750096D-08
  1.5000000000D-03  4.4420716538D-08  4.4915300981D-08
  2.0000000000D-03  7.8980532308D-08  7.9549970046D-08
  2.5000000000D-03  1.2342792120D-07  1.2405552877D-07
  3.0000000000D-03  1.7777290109D-07  1.7843946699D-07
  3.5000000000D-03  2.4202773040D-07  2.4270938288D-07
  4.0000000000D-03  3.1620691673D-07  3.1687346560D-07
  4.5000000000D-03  4.0032722713D-07  4.0094074107D-07
  5.0000000000D-03  4.9440769994D-07  4.9492118162D-07
  5.5000000000D-03  5.9846965831D-07  5.9882577470D-07
  6.0000000000D-03  7.1253672530D-07  7.1266656765D-07
  6.5000000000D-03  8.3663484076D-07  8.3645668414D-07
  7.0000000000D-03  9.7079227979D-07  9.7021036607D-07
  7.5000000000D-03  1.1150396730D-06  1.1139429665D-06
  8.0000000000D-03  1.2694100284D-06  1.2676709948D-06
  8.5000000000D-03  1.4339387554D-06  1.4314120953D-06
  9.0000000000D-03  1.6086636900D-06  1.6051850810D-06
  9.5000000000D-03  1.7936251225D-06  1.7890099483D-06
  1.0000000000D-02  1.9888658267D-06  1.9829078786D-06
  1.0500000000D-02  2.1944310912D-06  2.1869012514D-06
  1.1000000000D-02  2.4103687523D-06  2.4010136478D-06
  1.1500000000D-02  2.6367292297D-06  2.6252698974D-06
  1.2000000000D-02  2.8735655635D-06  2.8596960457D-06
  1.2500000000D-02  3.1209334534D-06  3.1043194010D-06
  1.3000000000D-02  3.3788913010D-06  3.3591685317D-06
  1.3500000000D-02  3.6475002528D-06  3.6242732912D-06
  1.4000000000D-02  3.9268242469D-06  3.8996648151D-06
  1.4500000000D-02  4.2169300615D-06  4.1853755709D-06
  1.5000000000D-02  4.5178873655D-06  4.4814393307D-06
  1.5500000000D-02  4.8297687725D-06  4.7878912283D-06
  1.6000000000D-02  5.1526498966D-06  5.1047677563D-06
  1.6500000000D-02  5.4866094112D-06  5.4321067786D-06
  1.7000000000D-02  5.8317291108D-06  5.7699475799D-06
  1.7500000000D-02  6.1880939753D-06  6.1183308409D-06
  1.8000000000D-02  6.5557922376D-06  6.4772987170D-06
  1.8500000000D-02  6.9349154539D-06  6.8468948072D-06
  1.9000000000D-02  7.3255585779D-06  7.2271641898D-06
  1.9500000000D-02  7.7278200373D-06  7.6181534768D-06
  2.0000000000D-02  8.1418018149D-06  8.0199108258D-06
  2.0500000000D-02  8.5676095322D-06  8.4324859152D-06
  2.1000000000D-02  9.0053525375D-06  8.8559300368D-06
  2.1500000000D-02  9.4551439976D-06  9.2902961257D-06
  2.2000000000D-02  9.9171009935D-06  9.7356387263D-06
  2.2500000000D-02  1.0391344620D-05  1.0192014090D-05
  2.3000000000D-02  1.0878000091D-05  1.0659480119D-05
  2.3500000000D-02  1.1377196845D-05  1.1138096550D-05
  2.4000000000D-02  1.1889068665D-05  1.1627924825D-05
  2.4500000000D-02  1.2413753789D-05  1.2129028195D-05
  2.5000000000D-02  1.2951395041D-05  1.2641471807D-05
  2.5500000000D-02  1.3502139955D-05  1.3165322665D-05
  2.6000000000D-02  1.4066140911D-05  1.3700649678D-05
  2.6500000000D-02  1.4643555276D-05  1.4247523751D-05
  2.7000000000D-02  1.5234545551D-05  1.4806017763D-05
  2.7500000000D-02  1.5839279521D-05  1.5376206701D-05
  2.8000000000D-02  1.6457930419D-05  1.5958167578D-05
  2.8500000000D-02  1.7090677090D-05  1.6551979597D-05
  2.9000000000D-02  1.7737704166D-05  1.7157724159D-05
  2.9500000000D-02  1.8399202247D-05  1.7775484913D-05
  3.0000000000D-02  1.9075368089D-05  1.8405347713D-05
  3.0500000000D-02  1.9766404810D-05  1.9047400945D-05
  3.1000000000D-02  2.0472522085D-05  1.9701735212D-05
  3.1500000000D-02  2.1193936374D-05  2.0368443731D-05
  3.2000000000D-02  2.1930871142D-05  2.1047622200D-05
  3.2500000000D-02  2.2683557094D-05  2.1739368876D-05
  3.3000000000D-02  2.3452232429D-05  2.2443784775D-05
  3.3500000000D-02  2.4237143092D-05  2.3160973506D-05
  3.4000000000D-02  2.5038543047D-05  2.3891041571D-05
  3.4500000000D-02  2.5856694562D-05  2.4634098388D-05
  3.5000000000D-02  2.6691868503D-05  2.5390256265D-05
  3.5500000000D-02  2.7544344643D-05  2.6159630530D-05
  3.6000000000D-02  2.8414411991D-05  2.6942339701D-05
  3.6500000000D-02  2.9302369127D-05  2.7738505469D-05
  3.7000000000D-02  3.0208524564D-05  2.8548252810D-05
  3.7500000000D-02  3.1133197117D-05  2.9371710119D-05
  3.8000000000D-02  3.2076716298D-05  3.0209009284D-05
  3.8500000000D-02  3.3039422727D-05  3.1060285791D-05
  3.9000000000D-02  3.4021668557D-05  3.1925678758D-05
  3.9500000000D-02  3.5023817942D-05  3.2805331294D-05
  4.0000000000D-02  3.6046247494D-05  3.3699390278D-05
  4.0500000000D-02  3.7089346790D-05  3.4608006666D-05
  4.1000000000D-02  3.8153518902D-05  3.5531335672D-05
  4.1500000000D-02  3.9239180937D-05  3.6469536686D-05
  4.2000000000D-02  4.0346764623D-05  3.7422773618D-05
  4.2500000000D-02  4.1476716933D-05  3.8391215176D-05
  4.3000000000D-02  4.2629500689D-05  3.9375034384D-05
  4.3500000000D-02  4.3805595274D-05  4.0374409456D-05
  4.4000000000D-02  4.5005497333D-05  4.1389523640D-05
  4.4500000000D-02  4.6229721509D-05  4.2420565271D-05
  4.5000000000D-02  4.7478801257D-05  4.3467728290D-05
  4.5500000000D-02  4.8753289666D-05  4.4531212205D-05
  4.6000000000D-02  5.0053760328D-05  4.5611222184D-05
  4.6500000000D-02  5.1380808280D-05  4.6707969388D-05
  4.7000000000D-02  5.2735050982D-05  4.7821671261D-05
  4.7500000000D-02  5.4117129361D-05  4.8952551751D-05
  4.8000000000D-02  5.5527708899D-05  5.0100841440D-05
  4.8500000000D-02  5.6967480771D-05  5.1266777568D-05
  4.9000000000D-02  5.8437163131D-05  5.2450605034D-05
  4.9500000000D-02  5.9937502330D-05  5.3652575592D-05
  5.0000000000D-02  6.1469274382D-05  5.4872949346D-05
