  1.98953213D-01  0.00000000D+00  2.17079164D-03  7.81476000D+00  8.36550000D-01  4.44839600D+00  5.00000000D+00  1.00000000D+05  1.00000000D+00
  1.99320994D-01  0.00000000D+00 -5.29665472D-03  6.82388000D+00  1.37790000D+00  3.72253369D+00  5.00000000D+00  1.00000000D+05  1.00000000D+00
  2.01175413D-01  0.00000000D+00 -2.17239590D-03  4.66123000D+00  6.55110000D-01  1.46264120D+00  5.00000000D+00  1.00000000D+05  1.00000000D+00
  1.96425636D-01  0.00000000D+00  9.29653276D-03  3.55161000D+00  5.36000000D-03  4.72481957D-01  5.00000000D+00  1.00000000D+05  1.00000000D+00
  2.00418340D-01  0.00000000D+00  4.00822799D-03  4.60679000D+00  4.18890000D-01  2.03786281D+00  5.00000000D+00  1.00000000D+05  1.00000000D+00
  1.99637363D-01  0.00000000D+00  7.09073302D-03  4.22087000D+00  1.42890000D-01  5.73712307D+00  5.00000000D+00  1.00000000D+05  1.00000000D+00
  1.93175576D-01  0.00000000D+00 -1.64548821D-03  6.28454000D+00  4.88980000D-01  1.28357071D+00  5.00000000D+00  1.00000000D+05  1.00000000D+00
  1.95607310D-01  0.00000000D+00  2.53519472D-04  4.86292000D+00  1.08441000D+00  2.84482353D+00  5.00000000D+00  1.00000000D+05  1.00000000D+00
  2.00164910D-01  0.00000000D+00  1.81251336D-03  2.85829000D+00  1.05218000D+00  4.56896508D+00  5.00000000D+00  1.00000000D+05  1.00000000D+00
  1.96341533D-01  0.00000000D+00 -2.91856407D-03  5.37564000D+00  3.90040000D-01  1.78178400D-01  5.00000000D+00  1.00000000D+05  1.00000000D+00
  2.01518085D-01  0.00000000D+00 -2.12309185D-03  6.06116000D+00  5.12940000D-01  3.24859428D+00  5.00000000D+00  1.00000000D+05  1.00000000D+00
  1.99747883D-01  0.00000000D+00  4.54300970D-03  4.18269000D+00  3.45762000D+00  4.82335811D+00  5.00000000D+00  1.00000000D+05  1.00000000D+00
  1.97843627D-01  0.00000000D+00 -8.82584003D-04  5.24921000D+00  1.11764000D+00  5.61945862D+00  5.00000000D+00  1.00000000D+05  1.00000000D+00
  2.00753056D-01  0.00000000D+00 -1.02500125D-04  4.89171000D+00  4.00470000D-01  5.93440613D+00  5.00000000D+00  1.00000000D+05  1.00000000D+00
  1.99542333D-01  0.00000000D+00 -2.45775116D-03  3.72063000D+00  1.40820000D+00  1.82090594D+00  5.00000000D+00  1.00000000D+05  1.00000000D+00
  2.01957915D-01  0.00000000D+00 -1.24457540D-03  5.26811000D+00  1.26945000D+00  3.33929813D+00  5.00000000D+00  1.00000000D+05  1.00000000D+00
  2.03601235D-01  0.00000000D+00 -9.32473181D-04  6.26651000D+00  1.07352000D+00  1.46288633D+00  5.00000000D+00  1.00000000D+05  1.00000000D+00
  1.93950532D-01  0.00000000D+00 -6.71755469D-03  3.96664000D+00  9.47490000D-01  1.96523347D+00  5.00000000D+00  1.00000000D+05  1.00000000D+00
  2.00860797D-01  0.00000000D+00  1.68259600D-03  7.02683000D+00  7.00968000D+00  8.89204699D-01  5.00000000D+00  1.00000000D+05  1.00000000D+00
  1.94803507D-01  0.00000000D+00 -4.79388833D-03  4.34675000D+00  8.00370000D-01  2.15249910D+00  5.00000000D+00  1.00000000D+05  1.00000000D+00
  2.00248813D-01  0.00000000D+00  5.23408942D-03  5.40986000D+00  8.07390000D-01  9.64645256D-01  5.00000000D+00  1.00000000D+05  1.00000000D+00
  1.95058315D-01  0.00000000D+00  4.03536256D-03  7.00954000D+00  2.32158000D+00  5.33578416D+00  5.00000000D+00  1.00000000D+05  1.00000000D+00
  2.00015987D-01  0.00000000D+00 -6.89814764D-04  5.40681000D+00  1.30499000D+00  6.10757557D+00  5.00000000D+00  1.00000000D+05  1.00000000D+00
  1.99945088D-01  0.00000000D+00 -1.71419636D-04  4.75300000D+00  2.63925000D+00  2.77040740D+00  5.00000000D+00  1.00000000D+05  1.00000000D+00
  2.00057417D-01  0.00000000D+00 -3.56953825D-03  3.95424000D+00  1.12238000D+00  4.86595848D+00  5.00000000D+00  1.00000000D+05  1.00000000D+00
  2.03206173D-01  0.00000000D+00 -3.36792998D-03  5.73758000D+00  4.14460000D-01  2.86647911D+00  5.00000000D+00  1.00000000D+05  1.00000000D+00
  2.06622856D-01  0.00000000D+00 -1.82610924D-03  3.80385000D+00  9.52800000D-01  5.43181679D+00  5.00000000D+00  1.00000000D+05  1.00000000D+00
  1.98762249D-01  0.00000000D+00 -6.75331575D-04  5.91772000D+00  2.93843000D+00  4.57400244D+00  5.00000000D+00  1.00000000D+05  1.00000000D+00
  2.06968853D-01  0.00000000D+00 -1.09861360D-02  5.61623000D+00  6.88320000D-01  4.00449937D+00  5.00000000D+00  1.00000000D+05  1.00000000D+00
  1.99723375D-01  0.00000000D+00 -1.06464941D-03  4.68084000D+00  5.47290000D-01  4.54927026D+00  5.00000000D+00  1.00000000D+05  1.00000000D+00
  2.01906160D-01  0.00000000D+00  3.02416206D-04  5.13300000D+00  6.15350000D+00  3.79637859D+00  5.00000000D+00  1.00000000D+05  1.00000000D+00
  1.96751754D-01  0.00000000D+00 -8.02773321D-03  7.34141000D+00  1.37150000D+00  1.65211174D-01  5.00000000D+00  1.00000000D+05  1.00000000D+00
  2.05316913D-01  0.00000000D+00 -2.39151283D-03  6.68245000D+00  9.79100000D-02  1.83950221D+00  5.00000000D+00  1.00000000D+05  1.00000000D+00
  1.99660007D-01  0.00000000D+00  2.24319737D-06  5.62503000D+00  1.39322000D+00  1.23899204D+00  5.00000000D+00  1.00000000D+05  1.00000000D+00
  2.00174435D-01  0.00000000D+00  3.26301109D-04  6.61503000D+00  1.22466000D+00  5.96061965D+00  5.00000000D+00  1.00000000D+05  1.00000000D+00
  1.98237600D-01  0.00000000D+00  4.74315786D-03  5.89202000D+00  8.17730000D-01  3.34168806D+00  5.00000000D+00  1.00000000D+05  1.00000000D+00
  2.00075886D-01  0.00000000D+00 -5.56948303D-03  3.45939000D+00  6.54610000D-01  6.50889465D-02  5.00000000D+00  1.00000000D+05  1.00000000D+00
  2.02205911D-01  0.00000000D+00  1.35722397D-03  5.24737000D+00  1.47940000D-01  2.84085168D+00  5.00000000D+00  1.00000000D+05  1.00000000D+00
  2.00055032D-01  0.00000000D+00 -2.94909188D-04  5.22085000D+00  7.33850000D-01  6.05436977D+00  5.00000000D+00  1.00000000D+05  1.00000000D+00
  1.98121155D-01  0.00000000D+00  4.61197797D-03  6.20490000D+00  3.62110000D-01  6.19596190D+00  5.00000000D+00  1.00000000D+05  1.00000000D+00
  1.96452354D-01  0.00000000D+00 -1.29263450D-04  5.43897000D+00  1.09335000D+00  2.14202071D+00  5.00000000D+00  1.00000000D+05  1.00000000D+00
  1.97528670D-01  0.00000000D+00 -1.51740910D-03  5.00922000D+00  3.03210000D-01  6.02740559D+00  5.00000000D+00  1.00000000D+05  1.00000000D+00
  1.99471068D-01  0.00000000D+00  1.82489212D-03  3.57140000D+00  1.06740000D-01  2.05276772D+00  5.00000000D+00  1.00000000D+05  1.00000000D+00
  2.00454312D-01  0.00000000D+00 -7.21147498D-05  5.12381000D+00  4.70910000D-01  4.42482581D+00  5.00000000D+00  1.00000000D+05  1.00000000D+00
  2.00278955D-01  0.00000000D+00 -5.48290835D-03  2.83385000D+00  1.57445000D+00  4.96652938D+00  5.00000000D+00  1.00000000D+05  1.00000000D+00
  2.00043560D-01  0.00000000D+00  1.97952079D-03  5.30779000D+00  1.48531000D+00  4.54628450D+00  5.00000000D+00  1.00000000D+05  1.00000000D+00
  1.98798288D-01  0.00000000D+00 -1.10126645D-03  6.68061000D+00  1.21300000D-01  4.58016377D+00  5.00000000D+00  1.00000000D+05  1.00000000D+00
  2.09308759D-01  0.00000000D+00 -4.57608128D-04  4.52800000D+00  9.08300000D-01  2.79841710D+00  5.00000000D+00  1.00000000D+05  1.00000000D+00
  2.01342816D-01  0.00000000D+00 -4.61785547D-04  3.33697000D+00  1.21260000D-01  2.39878964D+00  5.00000000D+00  1.00000000D+05  1.00000000D+00
  1.97792844D-01  0.00000000D+00 -6.81131865D-03  4.21411000D+00  1.05990000D-01  5.79450861D+00  5.00000000D+00  1.00000000D+05  1.00000000D+00
  1.96443769D-01  0.00000000D+00  1.36723141D-03  3.54866000D+00  2.83490000D-01  4.70248247D+00  5.00000000D+00  1.00000000D+05  1.00000000D+00
  2.01264471D-01  0.00000000D+00 -9.47371374D-04  4.85761000D+00  2.33640000D-01  2.68122416D+00  5.00000000D+00  1.00000000D+05  1.00000000D+00
  1.99165769D-01  0.00000000D+00  3.63535857D-04  5.16874000D+00  2.46100000D-02  1.36613547D+00  5.00000000D+00  1.00000000D+05  1.00000000D+00
  1.98891911D-01  0.00000000D+00  2.83085487D-03  4.79885000D+00  5.07220000D-01  4.58304031D+00  5.00000000D+00  1.00000000D+05  1.00000000D+00
  1.98809800D-01  0.00000000D+00 -2.99195986D-03  6.98784000D+00  1.17951000D+00  5.00716485D+00  5.00000000D+00  1.00000000D+05  1.00000000D+00
  1.94889036D-01  0.00000000D+00  4.11237760D-03  2.42025000D+00  1.39160000D-01  3.50867717D+00  5.00000000D+00  1.00000000D+05  1.00000000D+00
  1.98330184D-01  0.00000000D+00 -8.63779962D-04  3.32306000D+00  1.83095000D+00  5.56323721D+00  5.00000000D+00  1.00000000D+05  1.00000000D+00
  2.03406502D-01  0.00000000D+00  4.26700675D-03  5.46348000D+00  8.72090000D-01  2.40724992D+00  5.00000000D+00  1.00000000D+05  1.00000000D+00
  2.01147578D-01  0.00000000D+00  1.81812108D-03  5.62351000D+00  1.23340000D-01  1.51296987D+00  5.00000000D+00  1.00000000D+05  1.00000000D+00
  1.99391113D-01  0.00000000D+00 -3.59885483D-03  5.99569000D+00  1.80155000D+00  1.97972646D+00  5.00000000D+00  1.00000000D+05  1.00000000D+00
  2.00456675D-01  0.00000000D+00  1.37620790D-03  5.66363000D+00  1.85254000D+00  2.72002026D+00  5.00000000D+00  1.00000000D+05  1.00000000D+00
  2.11021003D-01  0.00000000D+00 -4.45405164D-04  5.07235000D+00  1.09498000D+00  3.01483633D-01  5.00000000D+00  1.00000000D+05  1.00000000D+00
  1.99997178D-01  0.00000000D+00  5.09992193D-04  5.61504000D+00  5.28620000D-01  2.66457147D+00  5.00000000D+00  1.00000000D+05  1.00000000D+00
  2.00457772D-01  0.00000000D+00  1.29125723D-03  4.63008000D+00  1.32932000D+00  4.63276312D+00  5.00000000D+00  1.00000000D+05  1.00000000D+00
  2.06918110D-01  0.00000000D+00  1.99493246D-03  4.92804000D+00  6.21020000D-01  5.48387387D+00  5.00000000D+00  1.00000000D+05  1.00000000D+00
  2.06796992D-01  0.00000000D+00  3.05014787D-03  5.70531000D+00  1.21209000D+00  1.93514033D+00  5.00000000D+00  1.00000000D+05  1.00000000D+00
  2.01833883D-01  0.00000000D+00  2.14225874D-03  4.35037000D+00  2.77519000D+00  5.29872113D+00  5.00000000D+00  1.00000000D+05  1.00000000D+00
  1.99745184D-01  0.00000000D+00  6.94743870D-04  4.88975000D+00  1.65261000D+00  5.12765780D+00  5.00000000D+00  1.00000000D+05  1.00000000D+00
  1.97769789D-01  0.00000000D+00 -3.69980523D-03  6.33369000D+00  1.18693000D+00  2.55600416D+00  5.00000000D+00  1.00000000D+05  1.00000000D+00
  2.00187703D-01  0.00000000D+00 -8.11783022D-03  4.22608000D+00  1.93044000D+00  5.43488099D+00  5.00000000D+00  1.00000000D+05  1.00000000D+00
  2.00812134D-01  0.00000000D+00  4.40577332D-03  5.65696000D+00  3.58240000D-01  5.35484779D+00  5.00000000D+00  1.00000000D+05  1.00000000D+00
  1.97569914D-01  0.00000000D+00 -2.14296156D-03  5.44536000D+00  9.64130000D-01  3.21750666D+00  5.00000000D+00  1.00000000D+05  1.00000000D+00
  1.88345141D-01  0.00000000D+00 -4.54580713D-03  6.84627000D+00  4.62479000D+00  4.87835387D+00  5.00000000D+00  1.00000000D+05  1.00000000D+00
  1.98739556D-01  0.00000000D+00  2.05411299D-03  4.58209000D+00  2.53483000D+00  3.09673099D+00  5.00000000D+00  1.00000000D+05  1.00000000D+00
  1.94847506D-01  0.00000000D+00 -2.41410519D-03  4.58501000D+00  2.67221000D+00  1.28713327D+00  5.00000000D+00  1.00000000D+05  1.00000000D+00
  1.98191244D-01  0.00000000D+00 -2.43090529D-03  5.11690000D+00  6.26400000D-01  2.79683977D+00  5.00000000D+00  1.00000000D+05  1.00000000D+00
  2.02402806D-01  0.00000000D+00  4.39620545D-03  4.07281000D+00  4.74770000D-01  2.72410391D+00  5.00000000D+00  1.00000000D+05  1.00000000D+00
  1.98379139D-01  0.00000000D+00  6.32778698D-04  4.06627000D+00  4.41360000D-01  3.43769178D-01  5.00000000D+00  1.00000000D+05  1.00000000D+00
  1.97594927D-01  0.00000000D+00  1.85936114D-03  5.42801000D+00  9.63690000D-01  4.40134679D+00  5.00000000D+00  1.00000000D+05  1.00000000D+00
  1.98470014D-01  0.00000000D+00  4.82314650D-03  4.92208000D+00  3.80140000D-01  5.77573793D+00  5.00000000D+00  1.00000000D+05  1.00000000D+00
  2.00461165D-01  0.00000000D+00  1.21545326D-03  4.38380000D+00  2.23030000D-01  2.44424327D+00  5.00000000D+00  1.00000000D+05  1.00000000D+00
  1.98994388D-01  0.00000000D+00 -2.57028121D-03  4.78640000D+00  3.87561000D+00  1.56374843D+00  5.00000000D+00  1.00000000D+05  1.00000000D+00
  2.00544841D-01  0.00000000D+00  6.91048981D-04  5.10853000D+00  1.38700000D-01  2.30182621D+00  5.00000000D+00  1.00000000D+05  1.00000000D+00
  1.95741343D-01  0.00000000D+00 -2.19270117D-03  5.85868000D+00  1.86939000D+00  6.27478900D+00  5.00000000D+00  1.00000000D+05  1.00000000D+00
  2.00959145D-01  0.00000000D+00 -5.98361442D-03  5.55056000D+00  7.52780000D-01  4.15996632D+00  5.00000000D+00  1.00000000D+05  1.00000000D+00
  2.04239893D-01  0.00000000D+00 -4.16015668D-03  5.42297000D+00  2.30959000D+00  1.12930530D+00  5.00000000D+00  1.00000000D+05  1.00000000D+00
  1.99686020D-01  0.00000000D+00  5.34618057D-04  6.56462000D+00  1.21500000D-01  5.48130070D+00  5.00000000D+00  1.00000000D+05  1.00000000D+00
  2.03128204D-01  0.00000000D+00  3.39981499D-03  6.11077000D+00  1.00059000D+00  1.53283033D+00  5.00000000D+00  1.00000000D+05  1.00000000D+00
  1.93714005D-01  0.00000000D+00 -1.69303594D-03  4.30264000D+00  1.74810000D-01  7.31312151D-01  5.00000000D+00  1.00000000D+05  1.00000000D+00
  1.98366106D-01  0.00000000D+00  4.31846003D-04  2.97113000D+00  2.11020000D-01  5.14102491D+00  5.00000000D+00  1.00000000D+05  1.00000000D+00
  1.96541596D-01  0.00000000D+00 -1.05080507D-04  4.51077000D+00  1.65868000D+00  3.36552741D+00  5.00000000D+00  1.00000000D+05  1.00000000D+00
  1.90151796D-01  0.00000000D+00 -3.21597144D-03  5.18585000D+00  1.74998000D+00  6.20812466D+00  5.00000000D+00  1.00000000D+05  1.00000000D+00
  2.00362788D-01  0.00000000D+00  1.14384658D-03  4.43623000D+00  1.74950000D-01  2.61572588D+00  5.00000000D+00  1.00000000D+05  1.00000000D+00
  2.01552184D-01  0.00000000D+00 -2.95171080D-04  4.56264000D+00  3.09030000D-01  5.07805785D+00  5.00000000D+00  1.00000000D+05  1.00000000D+00
  1.99135740D-01  0.00000000D+00  6.01826012D-03  5.11249000D+00  8.06300000D-01  1.50757728D+00  5.00000000D+00  1.00000000D+05  1.00000000D+00
  1.97305322D-01  0.00000000D+00  1.99027863D-03  2.97852000D+00  1.61030000D-01  6.09631176D+00  5.00000000D+00  1.00000000D+05  1.00000000D+00
  2.03723287D-01  0.00000000D+00  2.21043751D-03  3.74590000D+00  9.52390000D-01  2.36447691D+00  5.00000000D+00  1.00000000D+05  1.00000000D+00
  2.03640266D-01  0.00000000D+00 -4.24223547D-03  4.76290000D+00  2.31757000D+00  3.97977265D+00  5.00000000D+00  1.00000000D+05  1.00000000D+00
  1.99247509D-01  0.00000000D+00 -2.06730662D-03  6.57905000D+00  1.70320000D-01  8.60165511D-01  5.00000000D+00  1.00000000D+05  1.00000000D+00
  2.03943511D-01  0.00000000D+00  2.34879166D-03  6.52974000D+00  1.45560000D-01  4.82845480D+00  5.00000000D+00  1.00000000D+05  1.00000000D+00
