  0.0000000000D+00  0.0000000000D+00  6.2831853072D-03
  2.5000000000D-03  1.2405552877D-07  6.2861324077D-03
  5.0000000000D-03  4.9492118162D-07  6.2949943479D-03
  7.5000000000D-03  1.1139429665D-06  6.3098338026D-03
  1.0000000000D-02  1.9829078786D-06  6.3307565494D-03
  1.2500000000D-02  3.1043194010D-06  6.3579134230D-03
  1.5000000000D-02  4.4814393307D-06  6.3915031694D-03
  1.7500000000D-02  6.1183308409D-06  6.4317762905D-03
  2.0000000000D-02  8.0199108258D-06  6.4790400226D-03
  2.2500000000D-02  1.0192014090D-05  6.5336646388D-03
  2.5000000000D-02  1.2641471807D-05  6.5960913305D-03
  2.7500000000D-02  1.5376206701D-05  6.6668419987D-03
  3.0000000000D-02  1.8405347713D-05  6.7465313837D-03
  3.2500000000D-02  2.1739368876D-05  6.8358821082D-03
  3.5000000000D-02  2.5390256265D-05  6.9357433676D-03
  3.7500000000D-02  2.9371710119D-05  7.0471142619D-03
  4.0000000000D-02  3.3699390278D-05  7.1711730857D-03
  4.2500000000D-02  3.8391215176D-05  7.3093143509D-03
  4.5000000000D-02  4.3467728290D-05  7.4631959626D-03
  4.7500000000D-02  4.8952551751D-05  7.6347999058D-03
  5.0000000000D-02  5.4872949346D-05  7.8265110929D-03
  5.2500000000D-02  6.1260536250D-05  8.0412210460D-03
  5.5000000000D-02  6.8152177393D-05  8.2824659461D-03
  5.7500000000D-02  7.5591145587D-05  8.5546131708D-03
  6.0000000000D-02  8.3628623246D-05  8.8631172988D-03
  6.2500000000D-02  9.2325691706D-05  9.2148779232D-03
  6.5000000000D-02  1.0175600145D-04  9.6187498114D-03
  6.7500000000D-02  1.1200942212D-04  1.0086286983D-02
  7.0000000000D-02  1.2319715587D-04  1.0632856604D-02
  7.2500000000D-02  1.3545906113D-04  1.1279356726D-02
  7.5000000000D-02  1.4897448228D-04  1.2054958945D-02
  7.7500000000D-02  1.6397874367D-04  1.3001668997D-02
  8.0000000000D-02  1.8078946083D-04  1.4182290737D-02
  8.2500000000D-02  1.9985051974D-04  1.5695182729D-02
  8.5000000000D-02  2.2181038466D-04  1.7703704128D-02
  8.7500000000D-02  2.4767330161D-04  2.0500846606D-02
  9.0000000000D-02  2.7912469185D-04  2.4670436356D-02
  9.2500000000D-02  3.1935034791D-04  3.1569596816D-02
  9.5000000000D-02  3.7570079284D-04  4.5254085042D-02
  9.7500000000D-02  4.7035965269D-04  8.5862477882D-02
  1.0000000000D-01  0.0000000000D+00  0.0000000000D+00
  1.0250000000D-01  4.7664414748D-04  7.4322638520D-02
  1.0500000000D-01  4.0161486467D-04  3.5060304086D-02
  1.0750000000D-01  3.5412454933D-04  2.2193978838D-02
  1.1000000000D-01  3.2173788079D-04  1.5862627247D-02
  1.1250000000D-01  2.9734106512D-04  1.2125920511D-02
  1.1500000000D-01  2.7789594494D-04  9.6765020018D-03
  1.1750000000D-01  2.6181644381D-04  7.9567619728D-03
  1.2000000000D-01  2.4816978601D-04  6.6892677515D-03
  1.2250000000D-01  2.3636084604D-04  5.7206726118D-03
  1.2500000000D-01  2.2598682604D-04  4.9594499493D-03
  1.2750000000D-01  2.1676279670D-04  4.3476678842D-03
  1.3000000000D-01  2.0847981524D-04  3.8469188601D-03
  1.3250000000D-01  2.0098026064D-04  3.4307638117D-03
  1.3500000000D-01  1.9414237571D-04  3.0804275501D-03
  1.3750000000D-01  1.8787019223D-04  2.7822237895D-03
  1.4000000000D-01  1.8208678667D-04  2.5259504311D-03
  1.4250000000D-01  1.7672958250D-04  2.3038545479D-03
  1.4500000000D-01  1.7174701592D-04  2.1099445085D-03
  1.4750000000D-01  1.6709611208D-04  1.9395208334D-03
  1.5000000000D-01  1.6274070266D-04  1.7888487955D-03
  1.5250000000D-01  1.5865005769D-04  1.6549254699D-03
  1.5500000000D-01  1.5479787148D-04  1.5353107194D-03
  1.5750000000D-01  1.5116145375D-04  1.4280028149D-03
  1.6000000000D-01  1.4772110673D-04  1.3313454174D-03
  1.6250000000D-01  1.4445962047D-04  1.2439571838D-03
  1.6500000000D-01  1.4136188100D-04  1.1646777532D-03
  1.6750000000D-01  1.3841454521D-04  1.0925259280D-03
  1.7000000000D-01  1.3560577940D-04  1.0266669211D-03
  1.7250000000D-01  1.3292503907D-04  9.6638650062D-04
  1.7500000000D-01  1.3036289462D-04  9.1107034966D-04
  1.7750000000D-01  1.2791087976D-04  8.6018751309D-04
  1.8000000000D-01  1.2556136797D-04  8.1327698552D-04
  1.8250000000D-01  1.2330746243D-04  7.6993680522D-04
  1.8500000000D-01  1.2114291248D-04  7.2981506981D-04
  1.8750000000D-01  1.1906203395D-04  6.9260255621D-04
  1.9000000000D-01  1.1705964372D-04  6.5802658497D-04
  1.9250000000D-01  1.1513100273D-04  6.2584590339D-04
  1.9500000000D-01  1.1327177072D-04  5.9584638082D-04
  1.9750000000D-01  1.1147795929D-04  5.6783740924D-04
  2.0000000000D-01  1.0974589869D-04  5.4164883009D-04
  2.0250000000D-01  1.0807220396D-04  5.1712833898D-04
  2.0500000000D-01  1.0645374651D-04  4.9413926680D-04
  2.0750000000D-01  1.0488763013D-04  4.7255867559D-04
  2.1000000000D-01  1.0337116910D-04  4.5227572407D-04
  2.1250000000D-01  1.0190186753D-04  4.3319026137D-04
  2.1500000000D-01  1.0047740342D-04  4.1521160261D-04
  2.1750000000D-01  9.9095612192D-05  3.9825747257D-04
  2.2000000000D-01  9.7754474727D-05  3.8225307771D-04
  2.2250000000D-01  9.6452102086D-05  3.6713030907D-04
  2.2500000000D-01  9.5186728356D-05  3.5282702528D-04
  2.2750000000D-01  9.3956697033D-05  3.3928644343D-04
  2.3000000000D-01  9.2760454607D-05  3.2645658640D-04
  2.3250000000D-01  9.1596541424D-05  3.1428980450D-04
  2.3500000000D-01  9.0463585481D-05  3.0274234680D-04
  2.3750000000D-01  8.9360293744D-05  2.9177398906D-04
  2.4000000000D-01  8.8285448143D-05  2.8134769323D-04
  2.4250000000D-01  8.7237899907D-05  2.7142930955D-04
  2.4500000000D-01  8.6216563062D-05  2.6198731404D-04
  2.4750000000D-01  8.5220412121D-05  2.5299256511D-04
  2.5000000000D-01  8.4248475695D-05  2.4441809581D-04
